200
1 10
2 0
1 547
2 0
1 482
2 0
1 256
1 275
2 0
2 0
1 221
1 400
1 404
2 1
1 483
1 335
2 2
1 246
2 3
1 327
1 897
1 569
1 508
1 589
2 5
2 4
1 579
1 825
1 613
2 2
2 2
2 0
1 854
2 6
1 573
1 344
2 2
1 214
1 611
1 73
1 145
2 7
1 183
2 4
1 85
2 8
1 201
1 16
2 9
1 165
1 702
1 380
2 4
2 6
2 3
1 767
2 1
2 6
2 2
2 8
2 7
1 428
1 944
1 840
1 45
2 2
1 673
1 237
2 9
2 9
1 899
2 5
1 280
1 130
1 381
1 71
1 489
1 351
1 88
2 1
2 13
2 1
1 755
2 10
2 5
2 0
2 5
1 992
1 118
2 3
1 867
2 1
2 9
2 4
1 960
2 10
2 4
2 7
1 961
2 2
1 621
2 3
1 465
1 563
2 5
1 146
2 5
2 7
1 681
1 284
1 607
2 9
1 712
2 1
2 9
2 5
1 603
1 662
2 5
2 5
2 0
1 742
1 985
1 898
2 0
2 8
1 625
2 5
2 5
1 935
1 721
1 859
2 0
1 305
1 257
2 8
2 1
1 768
1 332
1 103
1 975
2 2
2 0
2 1
1 24
2 9
2 5
2 5
1 173
1 258
2 8
2 4
1 409
1 535
1 22
1 502
2 0
2 6
2 3
2 2
1 969
2 7
1 995
1 94
2 8
2 2
2 4
2 0
2 5
2 2
2 0
2 1
2 0
1 317
1 24
2 2
1 318
1 511
2 3
2 0
2 0
2 0
1 418
2 0
1 321
1 728
2 1
1 709
2 0
1 645
1 172
2 0
1 246
2 0
2 1
1 99
1 524
2 1
2 0
1 235


10
1 100
1 200
1 50
2 1
1 150
2 0
1 151
1 250
1 51
2 4

5
1 100
1 200
1 50
2 1
1 150
7
15 3 1 13 14 6 7

100 200 50   150 151 250 50
